[79]> (train)
4683771.5
[80]> counts
((10 14 24 24 43 18 18 42 16 11 13 22 21 21 15 16 10 23 30 24 16 13 36 10 17 10)
 (-3.5399926 -3.3007407 -3.3899736 -3.0341983 -3.2840486 -3.0005407 -2.8943872 -3.5536253 -3.338459 -2.6639316 -2.6244674 -3.424012
  -3.3351762 -3.7376697 -3.3488715 -3.3546774 -3.273364 -3.5034761 -3.5011587 -3.5816653 -3.589059 -3.342862 -3.4685729 -3.269569
  -3.209602 -3.273364)
 (-2.952206 -3.396051 -3.2946634 -3.3024623 -3.150517 -3.087552 -3.0767088 -3.4583151 -2.5055497 -2.6639316 -2.6244674 -3.5040548
  -3.5174978 -3.3023515 -3.6171355 -3.4499876 -3.273364 -3.5034761 -3.5011587 -3.6506581 -3.1190555 -3.342862 -3.563883 -3.0872474
  -3.4719665 -3.273364)
 (-2.880747 -3.396051 -3.3899736 -3.3024623 -2.2342262 -3.087552 -3.0767088 -3.5536253 -2.5965216 -2.6639316 -2.6244674 -3.1557481
  -3.5174978 -2.223542 -3.4740348 -3.4499876 -3.273364 -3.1239867 -3.5812016 -3.8918202 -3.493749 -3.342862 -3.3815615 -3.269569
  -3.3766563 -3.273364)
 (-3.9454577 -2.4027991 -2.473683 -2.822889 -3.1930766 -2.5410085 -2.2882514 -0.9734086 -2.9329937 -2.6639316 -2.0938392 -2.5232255
  -2.4188855 -2.8033605 -3.8795 -2.7080503 -3.273364 -2.1564026 -2.7339036 -2.8239796 -3.4067376 -2.34961 -2.9760964 -3.269569
  -3.209602 -3.0109997)
 (-3.5399926 -3.3007407 -3.3899736 -3.2283542 -3.384132 -2.9204981 -2.9813986 -3.4583151 -2.8684552 -2.6639316 -2.6244674 -3.424012
  -3.4221876 -3.7376697 -2.7808876 -3.3546774 -3.273364 -3.583519 -3.358058 -3.8048089 -3.493749 -3.342862 -3.4685729 -3.269569
  -3.4719665 -3.273364)
 (-3.303604 -3.396051 -3.3899736 -3.3024623 -3.555982 -3.1828623 -2.8943872 -3.5536253 -3.0019867 -2.6639316 -2.6244674 -3.6863763
  -3.5174978 -2.6390574 -3.7841897 -3.4499876 -3.273364 -3.6705303 -3.5812016 -3.9871304 -3.2525868 -3.342862 -3.563883 -3.269569
  -3.4719665 -3.273364)
 (-3.8501475 -3.396051 -2.6015162 -2.776369 -3.2840486 -3.087552 -2.606705 -3.0836217 -3.0760946 -2.6639316 -2.6244674 -3.424012
  -3.4221876 -3.5706155 -3.3488715 -3.4499876 -3.273364 -3.3603754 -2.6321208 -1.5275416 -3.589059 -3.342862 -2.5342636 -3.269569
  -2.9413383 -3.273364)
 (-3.1125486 -3.396051 -3.207652 -2.776369 -2.8320634 -2.5410085 -3.0767088 -2.3008623 -3.338459 -2.6639316 -2.2190022 -2.6931245
  -3.1120327 -3.3023515 -3.6171355 -3.267666 -3.273364 -2.7725887 -2.8080115 -2.7343676 -3.326695 -3.2475517 -2.4652708 -3.269569
  -3.1354942 -3.273364)
 (-3.9454577 -3.396051 -3.3899736 -3.5648265 -4.0259857 -3.1828623 -3.0767088 -3.5536253 -3.338459 -2.6639316 -2.6244674 -3.6863763
  -3.5174978 -3.5706155 -3.8795 -3.4499876 -3.273364 -3.6705303 -3.763523 -3.8918202 -3.589059 -3.342862 -3.563883 -3.269569
  -3.4719665 -3.273364)
 (-3.7631361 -3.396051 -2.7481198 -3.4695163 -3.9306757 -3.1828623 -3.0767088 -3.5536253 -3.2431488 -2.6639316 -2.6244674 -3.5910661
  -3.5174978 -3.8329797 -3.2917132 -3.4499876 -3.273364 -3.7658405 -3.668213 -3.8918202 -3.589059 -3.342862 -3.563883 -3.269569
  -3.4719665 -3.273364)
 (23 18 10 14 42 12 12 10 26 10 10 32 11 13 15 14 10 11 12 17 23 10 11 10 13 10)
 (21 10 10 19 15 11 13 10 16 10 10 13 13 15 23 10 10 14 16 16 12 10 10 10 10 10)
 (63 10 10 13 38 10 11 10 67 10 14 10 11 13 38 10 10 14 12 10 24 10 13 10 11 10)
 (10 13 21 21 22 21 12 31 19 10 10 23 14 29 25 20 10 33 20 42 10 12 16 10 20 10)
 (11 10 10 11 23 10 11 10 12 10 10 11 12 10 19 15 10 10 16 11 20 10 10 10 13 10)
 (10 10 10 10 13 10 10 10 10 10 10 10 10 10 10 10 10 10 10 11 10 10 10 10 10 10)
 (33 17 16 16 59 16 16 12 20 10 10 11 13 11 28 14 10 15 10 20 23 10 11 10 11 10)
 (41 11 10 21 45 10 13 11 34 10 13 15 13 21 14 12 10 18 19 16 18 10 11 10 15 10)
 (38 10 15 29 30 19 11 17 39 10 12 17 14 46 36 14 10 22 38 28 26 10 13 10 15 10)
 (13 17 13 17 11 14 15 13 10 14 10 12 12 12 39 13 14 18 18 15 10 10 10 10 12 10)
 (20 11 10 10 15 10 10 10 12 10 10 11 10 10 11 10 10 12 11 10 10 10 10 10 10 10)
 (16 10 10 16 21 10 10 13 12 10 11 11 11 14 27 12 10 18 18 20 13 10 12 11 16 11)
 (11 10 10 10 12 10 10 10 10 10 10 10 10 10 10 10 10 10 10 10 10 10 10 10 10 10)
 (16 17 12 15 17 10 10 10 11 10 10 23 23 14 10 10 10 13 10 11 10 10 10 10 10 10)
 (11 10 10 10 11 10 10 10 12 10 10 10 10 10 10 10 10 10 10 10 10 10 10 10 10 10))
[81]> 
[81]> (average-transition-prob "learningneverexhauststhemind" counts)
4.2287228E7
[82]> (average-transition-prob "ldfskhglfdshgkjfsdhglskrutyiurhkjsdfhglskd" counts)
24.839823
[83]> (average-transition-prob "apaintershouldbegineverycanvaswithawashofblackbecauseallthingsinnaturearedarkexceptwhereexposedbythelight" counts)
4650448.5
[84]> (average-transition-prob "zxcnzxczxczxczxcxzvbfdb" counts)
102.22744
[85]> (average-transition-prob "thisthingmustwork" counts)
2.1234658E7
[86]> (average-transition-prob "glorytorobots" counts)
1.7878154E9
[87]> (average-transition-prob "welcometothecountryside" counts)
7832032.0
